|  |  |  |  |  |  |  |  |  |  |  |  |  |  |  |  |  |  |  |  |  |  |  |  |  |  |  |  |  |  |  |  |  |  |  |  |  |  |  |  |  |  |  |  |  |  |  |  |  |  |  |  |  |  |  |
|  |  |  |  |  |  |  |  |  |  |  |  |  |  |  |  |  |  |  |  |  |  |  |  |  |  |  |  |  |  |  |  |  |  |  |  |  |  |  |  |  |  |  |  |  |  |  |  |  |  |  |  |  |  |  |
|  |  |  |  |  |  |  |  |  |  |  |  |  |  |  |  |  |  |  |  |  |  |  |  |  |  |  |  |  |  |  |  |  |  |  |  |  |  |  |  |  |  |  |  |  |  |  |  |  |  |  |  |  |  |  |
|  |  |  |  |  |  |  |  |  |14|14|  |  |14|14|  |  |14|  |  |  |  |  |14|  |14|14|14|  |  |  |14|14|14|  |  |  |14|14|14|  |  |14|  |  |  |  |  |14|  |  |  |  |  |  |
|  |  |  |  |  |  |  |  |14|  |  |  |14|  |  |14|  |14|14|  |  |  |  |14|  |14|  |  |14|  |  |14|  |  |14|  |14|  |  |  |14|  |  |14|  |  |  |14|  |  |  |  |  |  |  |
|  |  |  |  |  |  |  |  |14|  |  |  |14|  |  |14|  |14|  |14|  |  |  |14|  |14|  |  |  |14|  |14|  |  |14|  |14|  |  |  |14|  |  |  |14|  |14|  |  |  |  |  |  |  |  |
|  |  |  |  |  |  |  |  |  |14|  |  |14|14|14|14|  |14|  |  |14|  |  |14|  |14|  |  |  |14|  |14|14|14|  |  |14|  |  |  |14|  |  |  |  |14|  |  |  |  |  |  |  |  |  |
|  |  |  |  |  |  |  |  |  |  |14|  |14|  |  |14|  |14|  |  |  |14|  |14|  |14|  |  |  |14|  |14|  |  |14|  |14|  |  |  |14|  |  |  |14|  |14|  |  |  |  |  |  |  |  |
|  |  |  |  |  |  |  |  |  |  |14|  |14|  |  |14|  |14|  |  |  |  |14|14|  |14|  |  |14|  |  |14|  |  |14|  |14|  |  |  |14|  |  |14|  |  |  |14|  |  |  |  |  |  |  |
|  |  |  |  |  |  |  |  |14|14|  |  |14|  |  |14|  |14|  | 2| 1|  |  |14|  |14|14|14|  |  |  |14|14|14|  |  |  |14|14|14|  |  |14|  |  |  |  |  |14|  |  |  |  |  |  |
|  |  |  |  |  |  |  |  |  |  |  |  |  |  |  |  |  |  |  |  |  |  |  |  |  |  |  |  |  |  |  |  |  |  |  |  |  |  |  |  |  |  |  |  |  |  |  |  |  |  |  |  |  |  |  |
| 4| 4| 4| 4| 4| 4| 4| 4| 4| 4| 4| 4| 4| 4| 4| 4| 4| 4| 4| 4| 4| 4| 4| 4| 4| 4| 4| 4| 4| 4| 4| 4| 4| 4| 4| 4| 4| 4| 4| 4| 4| 4| 4| 4| 4| 4| 4| 4| 4| 4| 4| 4|40| 4| 4|
| 7| 7| 7| 7| 7| 7| 7| 7| 7| 7| 7| 7| 7| 7| 7| 7| 7| 7| 7| 7| 7| 7| 7| 7| 7| 7| 7| 7| 7| 7| 7| 7| 7| 7| 7| 7| 7| 7| 7| 7| 7| 7| 7| 7| 7| 7| 7| 7| 7| 7| 7| 7| 7| 7| 7|